$ANSIBLE_VAULT;1.1;AES256
37646436353537616165326331336238323661613264306463383564373931316663316530633666
6331646236626338333965663833626664623435633861350a383031393632393936343865396332
32363236326663306232633334616265303866313231663739306165636438343138396461333532
3361393931373338380a313963353761393737356364386434646239633165383536663331316238
64373437613939396236356139643133353937623535653336303962393362656139666664396565
31313439303534623934373831656262333566386237323261376563656637366634396364623132
38363139343535303136336136383434376566313666313966626332383161343738313365633161
37353363616661356263323261656338613363386637633331323832336638376430613130323261
62383032376333366165396430316561376431636637303865316563656134383739666565613164
39353831666565656636656138663832646533656239303233643864396664363162633934623736
38386363306563346530353861613739313961623933663463326533636163666236653631303733
32656633666161626165323536653335626139373863656339633232383765343139613531343062
64313365363137626532663532656162363861383238656361653733633534383936636534376235
37653830346565646361353339356561643135653636633034323633303831623864333161353539
30393932363265323963616630343765383561656461626535623338656333613532383930336361
36643730343566643938326537303131313339326639636663333065323465666534616135643834
34623732626533366534356337663939663335306533626363313435393665373939333033343437
33356563353530646234323963626662333065323765323437393765636662303366363837626232
63643939613533336432303538656265626634383230393161623937653166613462666134333566
36386466393238393864376663373732353664626631666236366436373163646430613065373566
34356464376462323738643936313662386464616138303438663634623364396361353866306433
62636665393438653937303438323163366237393564336638373639336664396637373139643038
39376566376135633939333535313138643439383238393064313762353432666432623763333761
32636138323461373039386133653638363664353333643632333837366337393936383462333163
32643964643831663333633839623761376538343263643938623534643665333638386530636262
66666435656639313531633036333862653137636436353935386136333262653734656461623861
34643066343266366362383862653837353435333430643337373633373638396430356164656337
63313238626631326330663966366536663966616236616530373164636537663861373361323064
64336663343739613533333635653232653832383663326537373930333139323733326236373163
32386334633835346234383037343831316531393562666238316434343236613437353433313065
36393836376661643663633563653233663132666466633966323764653666353130376363616332
30356632623734386131356664333766316239383638653064636131636163336264663435326266
33653933373031353030363564663233373833343137663631303533633833633961383439373165
63363839343439636166646635343335313263646535376431663263393665313465383866376162
66666336636562313932613239643339613933313232656662333662646230633332613634356466
64343233366266343539326463653834666661313762363032653739363962303461396333663934
32356464643330653734373763363733353738666163316366376331373035383364393961653935
63343964343031633263343866626462303161663362333439353866666539336466626561393063
63313264613735373932393939326538306330383564643136656235623863636565396166316238
39366634393631616538366530343133366434356263643836343135616234343464366239353831
30396637613963346566646334323739326139356635323964393131623964366163326235303134
65663664363761333433643038346538323230363636656162343966643862623030633731386438
35626261633933376432343766383338633737626431613531653236636532303263376235613330
34323334663530323665623332316365386166623865353335313637656164653238663763393065
30303463353061316339343763323966363666623933666232346566386362313866393937326332
63623865326465373130336466313666653731373763356339383066663233353437306165346562
37313865336437656361643838343032396565336130373630366562353463656637633231643261
62663136313236316137333361623234323262393039646635383237366565653634633365323038
35396561666136623435303234326464316561613739336434363831613066636564356533363163
65646534396634383132383135653961333836613561396266666631393461303733623862643334
36366161613761373262623330656161363633663038656661313562666631363334623639626163
64373866376534626166626530363838306161306535333830623035646162323335653633333237
65366336383935663335313839333264323865313361366538316339306564663730616635313335
64343235326635353065656337376564626535633337396665313836326532386330316533353334
65343832336663366534326336633630356465386136393332376361366431303034343439386337
37373262306264656666643062386530363838323361313632383266303332613933313965646462
30613834653165383963336139646631303031313336323331626163613433666463643137663563
38353566353665363130626339653031363931313233643233393835373461303362356133343063
30343362646438613239333534646465663639386238653561356366666136373065376161656631
33323363336562346364616134316534363630316535666136393736346534663037383332643231
36626230653466306432326539633739323439656334633962396635363964333635343161663065
31336438333065623662393963613634353932313266313836663933646261633331353861653036
38333165386662363632353665326139336435653132353461393636393738633139616138396531
63313066373638613135303331333739616463343938306538316637643065303639643730356132
37366232366562373136363831653162313732306237666435346134376139623731373935383537
62623062396162613734326665346433613434643935613063303530343639666633336130303761
61323131373165353631333439353130383661353661643762623039643737623334396538633863
38626334663637373430636166316632653435323131323263366437363064663330363338623361
64653230343662643439643334353433626131353666643030653630353932393161303464626532
34633738633761653430383762353565353463623362613964343666323136383032663336373365
65323237633136323631393561393065373934616132303462336163666535333233323132386531
63666466613436353432306361383831643332393930356434613338663634376334316630303966
30366334373236636362356238393034356463386432653030353430663138383432343364326366
37633138313934336662393834306332336231393234313465356163613633353233313732643664
61313037653738656335663739333663336465376662636239353636346134366536336539663665
30666137393930633238653163613263333636626463383466343232623935666561626462333761
32343061613536333463373539376461393761393332323839613561356435333061666535363839
62653933643766383839336536663433373364656133643930396435613336303631343766336462
62366633643666376566343866333930363034613762316338323161383735313765353538363033
33316565366362626530636538373165323764373339303735653966306236656564306465376463
62323261333035336265616533383732396661363361356533646138393231383962636135633066
66366331666263656438356437643039376266663864363339646338646239313062663531663834
63666262336664363635643731636431323431333532613736636164623835356334363538376336
30393436336461306438363266396530643764636566373334316433626461303034643837666231
31363665646530363363313361383261303732323938396330643536616435386532623136303937
38623738303433363361636534343165396463613562363838336232363332353139383837306130
38643132646161393361336136303532363535643764646335623637636634366539346665326333
35363666363564633266316337343037393163663133393930613935303964653036343066386433
65666432303765636333616235623635366638326134353963333961306130346332356239663363
32366636353462656365653837346535313863323032653637363064653263633332633334646265
36336232663531383762656565373266663762323730333736616431363761313664626264616566
32616236376261336332633161386630316461383635316465373566396233373664396632393039
37373261386365373761343235643539376432353531653939663838626166346339633831663163
62346435663463626166303838366635356331323466363430366331353337396664336464636664
35323963626635653730383738303462653265393365623037616331323666613265306630376166
33383461663566336163353336363932643538613738383365346534376131353032313061653831
62346235633133353061376436383261353838333338333736306232333332313031363032396634
61633438316430326239653634373635326336386239653262653036663132613762653839353864
65396539633235313539656631656162396261316230303734643534313230386530643636383832
66363966646161643666303434613265626362633039303863313430356336623465326362666134
39626432376365393661333339656465666631663262363934633062323561663037343132623135
31346139376362396166353439373161316435323638316634356565303931663037633638373465
64356137393961323830383937303030393238353435336463356636663066366661323932343933
31616661643339346264303831633335306435656335346362373034373635643635373236643136
36653365383736336566326332666663633063366135316538666665356566613062613031656163
35373336613730393164613664643832383566613336386164623763653036653236653134626237
61663732613031396636636337313132633838353463633033323863663037306437393064656566
65303832333465626538306237306564643033366439353233643766613066633835343863376361
64653234323266386466646234653833613338393833316433303734613338323963636366653131
66663236323932633366343438333536623435623933643539383735656664393931663437363737
62616162373835633630333739666265396263393761303730316266646566373930346236303465
66643539666563353062373837636639643565373062313533323762373034643436303536373039
62306461633937373461323739353632336534313939363338386237303337313837363461376138
33323830353336663861666534333330366264626335323035393264356235383939306466656461
65663437333665343864663962633235616134616262366138666230623963633165393566343466
37363138633539623833333664326630333339333936323534643631316230633564636663343837
63376530313862313361633432653066623937366266366562343336636162326330643339363934
65323833663266343261393964393632303233323063646636363366336335616132643530613837
64303862303333316534323764646239633539303363376332363538303966613763376137326138
64356466376362643265303237333565356264363264666130353539643431366261363734626539
35376230623166313235336663656362643232663139366335643861396631333732663836656230
34656333316366323362336661383863306135656437376164623034396334363736333633373430
30613331633030653134366632376436623365623836323161373130353037643462613434643739
31343364633461653963613433653238623135366539393764643362633834316530333462643439
39396533356630613763363632366533313036613131383730323764313366336236333164616665
65633232363938653637383166653436366532343136353334356433306333393666636137643762
30303032376434363434363333333534646237366565646130623761336330336139323766363665
31333134636462393733666639333365313439383034313630653063653836306230333133323134
34643930366561623633643961616464626239636537313165623632363436366562396431343133
35333031383539613363393531636131623764663762636661326431383164343562346135393535
62393161643761316265643262663164633937633432373632316439323738336331383430326334
39363932626339303638613561326333313965343664346566343135653936303638356538303634
63623866353938336238623863616134396131386565336663323861316337346463336537393233
37323338303931633664613835643366643633633532656238633561663730333863656265363734
36623430383135353437656430373637356137386331353437346461326164393833373464653931
66353566653337623965613633663165663766323265353735613639353664363764373334376532
31666639643935333839363862383461633233333132653063616333653632366534336533306130
65616263633636383033383339613738373762303238613935343631336361366636323166326430
323331653366353564376665373533393236
